# Pearson Adjusted by log(co-rated)

5; 0.9993929761742282
10; 0.9719090200422082
25; 0.9604001036943706
50; 0.959360707867227
100; 0.9628886670863542
150; 0.9649130992908789
200; 0.9634068052122327

# Pearson

1, 1.3441367899419312
3, 1.0968981922584053
5, 1.0361255023840361
10, 0.9958022684716205
25, 0.9723288146660126
50, 0.9666127125551291
75, 0.9668073547010617
100, 0.9689047149137817
125, 0.9706108562338697
150, 0.971110110640605
RMSE avg-item-rating: 1.041762313738005

# Average item rating
RMSE avg-item-rating: 1.041762313738005

MAP@10

k; MAP@10 user-to-user; RMSE user-to-user;
1; 0.6280304330993622; 1.3441367899419312
3; 0.6479075140130276; 1.0968981922584053
5; 0.66083249171001; 1.0361255023840361
10; 0.676074795064721; 0.9958022684716205
25; 0.6847872797050955; 0.9723288146660126
50; 0.6864329478698525; 0.9666127125551291
75; 0.6867754044000076; 0.9668073547010617
100; 0.6847313538352775; 0.9689047149137817
125; 0.6826125250382936; 0.9706108562338697
150; 0.6831501960982339; 0.971110110640605
k; MAP@10 item-to-item; RMSE item-to-item;
1; 0.614579693312461; 1.4547962154808751
3; 0.6114326112205218; 1.1779344488989545
5; 0.6221834233870297; 1.109854029437207
10; 0.6327298052483645; 1.0515900579357074
25; 0.6386995236411995; 1.0304015349408697
50; 0.6423658452423037; 1.0286957958747776
75; 0.6389299180258892; 1.031085982430953
100; 0.6372181824302726; 1.032835085877383
125; 0.6355030382601969; 1.0350233707112115
150; 0.6326927317409833; 1.0370790803364147
k; MAP@10 item-to-item adjusted-cosine; RMSE item-to-item adjusted-cosine; 
1; 0.6277921274554364; 1.3785569640870239
3; 0.6458355215539738; 1.1190290812036345
5; 0.6538564863909512; 1.058259642954801
10; 0.6661861418303623; 1.005952168563983
25; 0.6728398474978542; 0.9808189647883545
50; 0.6742643370533088; 0.9748998389786395
75; 0.674543377266071; 0.9737011756074827
100; 0.6750425861401474; 0.9735826072697726
125; 0.6750718325506241; 0.9735918394992568
150; 0.6750051339022712; 0.9736041718419078
RMSE avg-item-rating
1.041762313738005
